7.989617011698042504e-01
2.113346163392712640e+00
2.145949339773269404e+00
1.208186539821679784e+00
1.449631379457811953e+00
8.800028317819149626e-01
1.129402293718012373e+00
8.827246291572513615e-01
6.331624498974142146e-01
1.533187235574212659e+00
7.473737438234734354e-01
2.137178254337184669e+00
2.362833812087348218e+00
9.809196038345635582e-01
1.694733550452694582e+00
1.488622925728398050e+00
2.452210132062504933e+00
2.176928666144181790e+00
1.899441975690867812e+00
1.325183852006511342e+00
2.228846649591627038e+00
2.922398374307893398e+00
1.077521140437483593e+00
2.174385841887501947e+00
8.984154621797950657e-01
1.985914302023656264e+00
3.442270751614513458e+00
2.434360058200943477e+00
1.482163527641093825e+00
2.146187873390955403e+00
1.585303527733335827e+00
1.065542446118878495e+00
1.397585433103333274e+00
2.692905253829439793e+00
2.989775521802751079e+00
1.346873734950259527e+00
1.073975165886534633e+00
9.478791239485512277e-01
1.663055500176075618e+00
8.957525870936499102e-01
1.620316690864389120e+00
2.913341672507388846e+00
1.073171931570895410e+00
1.428886899435138469e+00
1.055662032781248261e+00
1.496010897506239390e+00
7.133042753142436743e-01
2.035376191981171257e+00
1.276556965667668520e+00
8.809809152546537181e-01
1.068531197313079995e+00
1.008720567461657724e+00
7.865361414987144251e-01
1.702529044793323898e+00
8.673181176371568268e-01
6.929172791699508283e-01
7.983046159173919909e-01
2.380996119034796799e+00
2.749072571549881605e+00
2.328713784942515908e+00
7.033844334600585224e-01
1.094430357487604200e+00
1.025119650371027813e+00
1.742805608881081936e+00
2.462048960962024857e+00
1.658809659294738559e+00
2.040794293783430469e+00
7.706813688317227795e-01
1.321904957572382466e+00
1.221446511305305904e+00
7.616751214367525336e-01
2.378245567623379131e+00
8.208096228796870619e-01
2.456385883772895795e+00
1.794655269206698378e+00
8.733230496620350003e-01
1.727842898011529460e+00
7.955392065473910757e-01
1.006141264318744621e+00
1.107059917116598013e+00
1.602321036604546389e+00
7.004683479344082642e-01
7.588807958646432983e-01
1.353181154940189312e+00
9.634712654290620293e-01
2.180370795824862817e+00
8.360513370057569560e-01
1.007797986973836935e+00
3.439327268417136541e+00
7.979611062488179973e-01
1.316171822843778871e+00
3.697923942583769552e+00
1.474264346634580836e+00
8.411797332115870107e-01
2.169176639797480100e+00
7.783642963800003756e-01
1.735205820548847200e+00
1.011888609384118176e+00
8.328500799572491342e-01
9.987764434532458990e-01
