1.952257849560500286e-19
1.941149468854258618e-19
1.922830254765038418e-19
1.897589112242394523e-19
1.865824109182235573e-19
1.828036198658313882e-19
1.784821318593003585e-19
1.736860993460231055e-19
1.684911586237475770e-19
1.629792370109686968e-19
1.572372608041850655e-19
1.513557843982649691e-19
1.454275621895568142e-19
1.395460857836375364e-19
1.338041095768531105e-19
1.282921879640749526e-19
1.230972472417986538e-19
1.183012147285220026e-19
1.139797267219902507e-19
1.102009356695980815e-19
1.070244353635822107e-19
1.045003211113179054e-19
1.026683997023956446e-19
1.015575616317716585e-19
1.011853254794015077e-19
1.013714435555864988e-19
1.024822816262107017e-19
1.043142030351326977e-19
1.068383172873972075e-19
1.100148175934136682e-19
1.137936086458051633e-19
1.181150966523377096e-19
1.229111291656136145e-19
1.281060698878890226e-19
1.336179915006680231e-19
1.393599677074516304e-19
1.452414441133717268e-19
1.511696663220799539e-19
1.570511427280001466e-19
1.627931189347836095e-19
1.683050405475626822e-19
1.734999812698380903e-19
1.782960137831153915e-19
1.826175017896464212e-19
1.863962928420390236e-19
1.895727931480544130e-19
1.920969074003192359e-19
1.939288288092408466e-19
1.950396668798649652e-19
1.954119030322350678e-19
