4.801727085381475590e-45
6.614743325546391634e-45
1.007444222932138100e-44
1.092613646581361596e-44
9.715927061032439763e-45
8.570838616984222787e-45
9.763951226248569408e-45
9.690726083989087622e-45
9.482705582057920006e-45
9.047591820804426547e-45
9.322545614585768898e-45
1.042382176806740007e-44
9.713339712203362006e-45
9.643693070743881943e-45
1.009427085439688054e-44
9.531012073133028990e-45
9.973718468336654743e-45
9.785706938208728515e-45
9.376891665449586085e-45
9.395791742010895666e-45
8.989662963244457676e-45
1.018552323038226888e-44
9.191404337159203916e-45
9.025372452845123070e-45
9.119015666924171483e-45
1.021244670753689469e-44
9.660872804903962987e-45
9.305351664193881272e-45
9.726041045683781166e-45
9.642310745081486964e-45
9.307615607563299478e-45
9.335280100504963360e-45
1.006024262051117945e-44
9.510282960942710244e-45
9.965939966844066119e-45
9.891888848590883807e-45
9.551468181481046959e-45
9.435014685603650409e-45
9.627147204456154187e-45
9.162702742692644280e-45
9.161444361191856256e-45
9.734462361532868725e-45
9.584432973647874543e-45
1.027390792209373428e-44
9.617405076836022440e-45
9.374670642312993535e-45
9.913065135924761595e-45
1.105854384455253627e-44
9.037997177884859773e-45
6.631072246407617425e-45
