8.542041986336710121e-30
8.660025195951823366e-30
8.625073833361445648e-30
8.446376456324254530e-30
8.390333217191957008e-30
8.500650968607709231e-30
8.396685074360111282e-30
8.323340568145403231e-30
8.313842289767081919e-30
8.332117986323120274e-30
8.292053063897012212e-30
8.318123737290977771e-30
8.216164992314048275e-30
8.191954484662044762e-30
8.193150854833837908e-30
8.358423557841067645e-30
8.194217180082090064e-30
8.120411428121863317e-30
8.193636838769057272e-30
8.056966623643940565e-30
8.157785409229374871e-30
8.233203080616007703e-30
8.223271605296332934e-30
8.210432447486241993e-30
8.090496694835912137e-30
8.244015910620213151e-30
7.996982063309495612e-30
8.017573410517285901e-30
7.929401614716798981e-30
8.212737485971900119e-30
7.952845015807707804e-30
8.186075789974067731e-30
8.093775798351939461e-30
8.174323820519964329e-30
8.178166414643514176e-30
8.160106596215349927e-30
8.028309188128874410e-30
8.205961830643822237e-30
8.203742388275823535e-30
8.221493064052867801e-30
8.214723797415038009e-30
8.449595442625317348e-30
8.162148274090353740e-30
8.285963617550494599e-30
8.384683278701992807e-30
8.435751233124831750e-30
8.462394160035193965e-30
8.396507375340601113e-30
8.517063814815682772e-30
8.368490487146037333e-30
