3.425692131247625060e-32
3.360793590035578724e-32
3.335232522951512387e-32
3.342298782850580946e-32
3.391211028976800780e-32
3.330492422650688785e-32
3.318539968697170772e-32
3.324622392324454405e-32
3.281640665200122200e-32
3.250127111819582488e-32
3.259749564785624771e-32
3.215975705668880242e-32
3.149084104607258596e-32
3.207740930050955506e-32
3.151322180745526386e-32
3.069983044512886339e-32
3.125537248369947466e-32
3.120701121482235392e-32
3.110375585710934405e-32
3.096302596289117694e-32
3.047672178111013079e-32
3.053282710972749352e-32
3.121314914052585345e-32
3.051613035820495589e-32
3.145159717659651360e-32
3.020484156281711902e-32
3.050221302722310717e-32
3.149449017533592355e-32
3.068045532337594488e-32
3.117189769270616567e-32
3.093290987229191167e-32
3.104843233015370145e-32
3.216634823192824758e-32
3.193367593350494581e-32
3.167545013398086883e-32
3.216659456189077125e-32
3.248508263833776285e-32
3.299992810121023456e-32
3.237823759770442918e-32
3.262881527879599481e-32
3.309405443063302215e-32
3.316445238454745427e-32
3.373515807046324489e-32
3.423216891797811336e-32
3.364065130446576866e-32
3.367461772543080000e-32
3.421541807796384583e-32
3.336791712594906854e-32
3.307050763586712323e-32
3.456427385754899768e-32
