8.536246843889024270e-30
8.604013275264908827e-30
8.584074567481071631e-30
8.489528878796899958e-30
8.584699920230803404e-30
8.441006504251148617e-30
8.398376820920358439e-30
8.299636401997777182e-30
8.256573934670592585e-30
8.324587521297660773e-30
8.305108496179081293e-30
8.341017874808697195e-30
8.238019313213293930e-30
8.233569828898165787e-30
8.248948611765806393e-30
8.124208992332662596e-30
8.166866389595085066e-30
8.199528316578777810e-30
8.165245294755428060e-30
8.109961352529962016e-30
8.180282340176159733e-30
8.099829645180939783e-30
8.195729709595257576e-30
8.085139715231504279e-30
8.117951205496244118e-30
8.171903295368637472e-30
8.170614047056482666e-30
8.139489146181665859e-30
8.054227084870013442e-30
8.314026899492439718e-30
8.147593006764398544e-30
8.139315719246413497e-30
8.182799291099096754e-30
8.157999091276117427e-30
8.247213658255193750e-30
8.176625999323483987e-30
8.138488616235795983e-30
8.238455330031245239e-30
8.197135783288500842e-30
8.207978938786245495e-30
8.310550779760803116e-30
8.334093144800135080e-30
8.323245674904138835e-30
8.405659628189700046e-30
8.428521533546185577e-30
8.454121936110008496e-30
8.499440225604177883e-30
8.575525764347722519e-30
8.584485955661163063e-30
8.546565894875845669e-30
