8.568579131998877245e-30
8.419505780648108206e-30
8.673822931040837861e-30
8.380060096711968458e-30
8.601139676016750187e-30
8.543138283582353212e-30
8.470739681286859367e-30
8.394207715687012034e-30
8.369645234139237442e-30
8.407350752984994606e-30
8.219499647822092962e-30
8.162064938751958134e-30
8.084252691373331667e-30
8.222597457996982402e-30
7.963803243940146031e-30
8.341345380165599741e-30
8.282317887465126725e-30
8.117973061141478941e-30
8.184088622059316506e-30
8.008015401514834189e-30
8.213539340555866700e-30
8.296177484579484981e-30
8.122505712548004480e-30
8.099314627073938060e-30
8.276535650795078586e-30
8.018429898638291988e-30
8.119790617862120586e-30
8.065037801386475020e-30
8.061810240390825870e-30
8.113150492770222846e-30
8.103544348914519594e-30
7.977984481204940722e-30
8.263899470928128509e-30
8.180808186492735016e-30
7.994593012269995016e-30
8.138344193658214373e-30
8.044837975377770055e-30
8.126867420845139221e-30
8.159407161088714440e-30
8.284163034636162683e-30
8.108924649859792184e-30
8.210848035249666179e-30
8.253693559454422629e-30
8.314973389733372485e-30
8.420154262354772053e-30
8.444031354886733023e-30
8.730742911186899837e-30
8.499340526540601737e-30
8.656913670673436447e-30
8.548698658893804476e-30
