2.536134090563064704e-30
2.524359825886980827e-30
2.540186721878224333e-30
2.537421080608329346e-30
2.525130110533509588e-30
2.523771185838423688e-30
2.495214065612299463e-30
2.511444477424689684e-30
2.505131706809283121e-30
2.498568648790335388e-30
2.445507645456985762e-30
2.409995793106490556e-30
2.416162376540607008e-30
2.386578571554383201e-30
2.391736880450544961e-30
2.334177996007414444e-30
2.334046036257185020e-30
2.338525341943687605e-30
2.280187544635300116e-30
2.256336162345725616e-30
2.161113540146098581e-30
2.138229000317213762e-30
2.107563390286100949e-30
2.088283422710053808e-30
2.089923313559621777e-30
2.091445322715783035e-30
2.092148997878557258e-30
2.113369458530272367e-30
2.122188035423932489e-30
2.167398213827455827e-30
2.248312266517981687e-30
2.297941961637377912e-30
2.285057925599514845e-30
2.335295788830822900e-30
2.354693723829209176e-30
2.382571338616553686e-30
2.387794851399880653e-30
2.396992306409696823e-30
2.409468005028063310e-30
2.405297245795825496e-30
2.431756962697704011e-30
2.428349356706870244e-30
2.438670381212885890e-30
2.445197238758553794e-30
2.461996914285096599e-30
2.452802536118795709e-30
2.438156668354197071e-30
2.469130129137406016e-30
2.464882000656985961e-30
2.460913629067602799e-30
