6.833705249814944778e-34
1.067165845003907414e-33
1.084368157457453407e-33
1.029599259158468257e-33
1.012459213853692756e-33
9.535914671026482407e-34
1.018692496786996538e-33
8.757102973881244151e-34
8.810968053084010989e-34
8.143265433400631357e-34
7.950874925727187047e-34
7.200396640483777638e-34
7.247681448825309156e-34
6.256888885055037546e-34
5.871972132076747059e-34
5.326658438151389788e-34
4.891877202958610034e-34
4.979741077572763537e-34
4.559108649670621370e-34
4.272289741273291408e-34
4.052673714796322148e-34
3.627170541194051231e-34
3.517534441361894597e-34
3.588039864041467894e-34
3.508065856652076843e-34
3.647952411925743554e-34
3.430478660112539255e-34
3.644664213553117868e-34
4.139989459538747103e-34
4.268845692460622097e-34
4.495262453444924391e-34
4.896848675446794750e-34
5.295232452150068737e-34
5.727022650608554530e-34
5.727356008506631206e-34
6.277803881391680662e-34
7.059521744518732724e-34
7.192446480397088649e-34
7.630971963185407372e-34
8.558680747728115658e-34
8.768577717916833948e-34
8.771430152338182544e-34
9.744343706418806585e-34
1.006567959354053891e-33
9.872213812955943436e-34
1.072132668809770667e-33
1.019414415969231511e-33
1.096052976767330416e-33
1.183465788372654910e-33
1.058994718585972961e-33
