6.143705921501738956e-30
6.195945510333375999e-30
6.270704277493471928e-30
6.133909454816853199e-30
6.183900151784742619e-30
6.094909078408983486e-30
6.104462259196404817e-30
6.191523218545175272e-30
6.097089254200691043e-30
5.956073894904382709e-30
6.020722152131705606e-30
5.967238463954595096e-30
5.950181421998478615e-30
5.840136475893514318e-30
5.887878584657593501e-30
5.753818478714460581e-30
5.772002667657309957e-30
5.758369507368557123e-30
5.816721529577229795e-30
5.757912668796303548e-30
5.613513616712133800e-30
5.683541539102948986e-30
5.700244469767051543e-30
5.708261858487677370e-30
5.566539500961473922e-30
5.629497507493136384e-30
5.618904244229643517e-30
5.636432793641554248e-30
5.598036510745824917e-30
5.582405933567135431e-30
5.576055405110686695e-30
5.661990258436416537e-30
5.615008226608719897e-30
5.778048365608049386e-30
5.700014457366549009e-30
5.793190354687100118e-30
5.692930340113109515e-30
5.848270839810887159e-30
5.993624289407763645e-30
6.060154026186869030e-30
5.947591730660103845e-30
5.973955809000242452e-30
5.964837397094301345e-30
6.097007748129048742e-30
6.053903010175164712e-30
6.147176857508790953e-30
6.030962903026987797e-30
6.012019728379792165e-30
6.199862466396442301e-30
6.115487420467650144e-30
