3.107175204002090574e-01
9.867518647159081446e-01
2.559599153205056599e-01
1.330563616456659881e+00
2.779705959884738231e+00
4.740596154834426645e-01
3.066566636739144203e-01
5.528924225205669174e-01
3.302349988477528697e-01
8.084427736195486380e-01
1.429214768405423719e+00
2.904937776827733464e-01
3.830271523179986093e-01
1.413688993476122979e+00
5.660481620747930265e-01
1.373782241656949843e+00
8.037068972301428804e-01
2.206310405202550395e+00
5.061776925588100662e-01
1.560748820139639115e+00
2.037124921822707435e+00
1.662448283724741405e+00
3.621391134827563474e-01
1.002960115580685985e+00
1.045540459068657668e+00
5.609438199788721047e-01
5.971639924489153817e-01
3.773503935928491093e-01
9.642890736122037287e-01
8.808626516854238808e-01
2.786116331146443414e+00
1.453323192962574284e+00
1.738727098783537484e+00
7.630674767982580375e-01
1.353919578395208712e+00
2.151950673727929253e-01
8.510033484070472776e-01
3.565936234229191149e-01
1.121671646169124958e+00
1.998296802037677011e+00
4.339235630494139850e-01
4.330765922650635091e-01
4.904264362058351479e-01
1.574729919961679769e+00
4.080273501928260438e-01
5.538055095835323627e-01
2.745123116773896532e-01
1.484815119889434376e+00
1.587125311016636564e+00
9.476505859353809846e-01
