6.007670503931400180e-33
5.858521062177218953e-33
5.848419819724144322e-33
5.655374260961592172e-33
5.721005342625727512e-33
5.498831000982570076e-33
5.654519207948495163e-33
5.468049058702130355e-33
5.294817191422481137e-33
5.059704901584230578e-33
4.815071665605885144e-33
4.485487885156851842e-33
4.273659108556726666e-33
3.948195654496982638e-33
3.716395119046876586e-33
3.508597088225606267e-33
3.332752575759297249e-33
3.074896001198849796e-33
2.837619747374080666e-33
2.653539949002634533e-33
2.505845662792816193e-33
2.357037890290686198e-33
2.263195870698051351e-33
2.203751404724598833e-33
2.159415506161345892e-33
2.132766526461380784e-33
2.236253797149125665e-33
2.280997038219399493e-33
2.408922414820493659e-33
2.506962826340904868e-33
2.613288202661144407e-33
2.853275527822954331e-33
3.079202702060311712e-33
3.255056067625176699e-33
3.521979943867203180e-33
3.705366316060990818e-33
3.956479736173754494e-33
4.346712697940596343e-33
4.591502878992480594e-33
4.860768192511792322e-33
5.002628899041874627e-33
5.189507547493145783e-33
5.510988233147990591e-33
5.724149277021434701e-33
5.826679911875358107e-33
5.865708550435135724e-33
6.198746436069013254e-33
6.133945153490304061e-33
6.216240151236624303e-33
6.299070442910981980e-33
