6.113773024036627780e-30
6.008026552391034653e-30
6.093607452439060317e-30
6.127507143399814856e-30
6.054174670504299242e-30
6.167160011277220865e-30
6.091164570641681713e-30
6.246420702473063508e-30
6.023921646968957222e-30
6.061829498941954196e-30
5.903392811232253521e-30
5.924463997867714962e-30
5.916069141107249752e-30
5.809631511704871076e-30
5.813281793775675818e-30
5.718093340044921583e-30
5.805911558612760655e-30
5.901622137453813825e-30
5.802634751483614003e-30
5.746600083360501864e-30
5.701742682213550508e-30
5.564289013656951277e-30
5.646073999100140266e-30
5.691072763971552422e-30
5.791655649706108942e-30
5.640504471606437976e-30
5.509190435072261848e-30
5.667901163171169569e-30
5.656902610375063550e-30
5.590312107740696861e-30
5.607461545207523877e-30
5.622687003553778072e-30
5.653519147484103478e-30
5.605755113617631821e-30
5.737487807627718195e-30
5.736454078749968342e-30
5.766312085764109266e-30
5.977575572735330414e-30
5.958180409896696940e-30
5.972354018099256221e-30
6.063350598001984180e-30
6.060614950514149432e-30
6.124914415814408721e-30
6.061448250058188719e-30
6.296598026592101440e-30
6.032268019578342248e-30
6.260737488618619190e-30
6.132399257935025723e-30
6.044493136791934181e-30
6.137430043489297593e-30
