3.089815104998719317e-32
3.113047490882447982e-32
3.063836235551850873e-32
3.016973996733997842e-32
2.980620997832998947e-32
2.989232739697712267e-32
2.994338072004555404e-32
2.954484916173681658e-32
2.852701245343315091e-32
2.801039163837304116e-32
2.794610419032967294e-32
2.743415845547027390e-32
2.665602807651041894e-32
2.612718305979323298e-32
2.530088005063437706e-32
2.524080380051982409e-32
2.444967677849616162e-32
2.390496314824232108e-32
2.385779224558738891e-32
2.358368548535971681e-32
2.350306257258470386e-32
2.282663624708284022e-32
2.328891477190249780e-32
2.274229495714316482e-32
2.258582385065116487e-32
2.309984925925506881e-32
2.313861249842751808e-32
2.274597338348594339e-32
2.282993027033445427e-32
2.356996294216414516e-32
2.355450373582939885e-32
2.436148761577200523e-32
2.465798766484267983e-32
2.520369338646192998e-32
2.568934851228058091e-32
2.652082982755995368e-32
2.684631218565029699e-32
2.697818108932710634e-32
2.753673009476621726e-32
2.818927591881449965e-32
2.854419186628223504e-32
2.873385517665936044e-32
2.914823326253637618e-32
2.992891671002143265e-32
2.982118443592371224e-32
3.060439850607534231e-32
3.068298590166621512e-32
3.021545666338812675e-32
3.093244818023050537e-32
3.091453446027622775e-32
